9 4 3.6 2.8
3 3 3 3
5 3 2.6 1.8
2 0 0 0
1 0 0 0
10 8 8.6 7.8
10 8 9.2 7.6
4 4 4 4
1 0 0 0
4 0 0 0
2 2 1.6 0.8
3 3 2 2
2 1 1 1
3 2 2.6 1.8
1 0 0 0
11 4 5.8 2.6
2 3 2 2
2 1 1.6 0.8
2 2 2 2
8 8 8 8
6 3 5 2.6
4 3 3.6 2.8
1 1 1 1
1 0 0 0
5 3 3 3
3 3 1 1
3 2 2 2
1 1 0 0
3 1 0 0
4 1 1 1
3 1 2.4 0.8
1 1 1 1
7 6 5 5
3 1 2.4 0.8
4 1 2.4 0.8
1 1 1 1
4 4 4 4
5 1 1 1
1 0 0 0
5 5 4.6 3.8
10 5 3.6 2.8
1 1 1 1
5 4 4 4
3 3 0 0
2 2 2 2
6 3 4 1.6
2 1 1.6 0.8
11 6 5.4 3.8
7 5 5.6 4.8
2 2 1 1
5 4 4.6 3.8
2 2 2 2
4 2 1 1
4 3 3 3
3 2 2.6 1.8
3 0 0 0
2 1 1 1
4 1 3.2 0.8
3 2 2 2
2 2 2 2
2 2 2 2
5 5 5 5
4 4 3 3
6 2 4.8 1.6
6 2 1 1
5 5 5 5
5 5 5 5
3 1 1 1
3 3 2.4 0.8
1 1 1 1
3 3 3 3
6 4 4.6 3.8
7 2 2.6 1.8
2 4 1 1
4 5 4 4
2 1 1.6 0.8
3 5 2 2
3 2 2.6 1.8
3 2 2 2
4 4 4 4
4 4 3 3
4 4 4 4
4 1 0 0
4 3 3.6 2.8
1 1 1 1
5 3 3.6 2.8
3 3 3 3
5 3 3 3
2 1 1 1
1 1 1 1
9 3 0.8 1.6
4 3 3 3
7 9 6 6
2 2 1 1
12 12 10.4 10.4
3 3 3 3
4 4 4 4
1 0 0 0
4 1 0 0
1 2 0 0
6 4 2 2
7 0 0 0
6 4 4 4
3 1 0 0
2 2 2 2
3 3 2 2
2 1 1 1
7 4 1 1
5 1 0 0
4 4 4 4
3 2 2.6 1.8
2 2 2 2
8 8 8 8
11 6 5.6 4.8
9 8 7 7
9 10 8 8
4 3 1 1
3 3 3 3
28 25 27 24.6
3 2 2.6 1.8
2 0 0 0
14 8 7 7
4 2 2 2
6 5 2 2
15 5 6.2 4.6
2 2 2 2
6 6 5 5
15 15 14 14
10 2 1 1
16 16 10.8 11.6
2 1 1 1
13 7 9.6 6.4
12 4 3.6 2.8
3 1 2.4 0.8
4 3 2 2
5 2 1 1
4 2 2.6 1.8
6 6 5 5
4 7 2 2
8 7 7.6 6.8
4 1 2.4 0.8
6 3 2 2
3 2 0 0
3 2 0 0
4 4 4 4
4 3 3.6 2.8
11 6 5.6 4.8
4 3 3 3
2 1 0 0
10 6 6.8 4.4
10 6 7.8 4.6
2 2 2 2
5 1 3.2 0.8
4 1 1 1
9 11 9 9
1 1 1 1
15 11 12.2 10.6
3 4 2.8 3.6
4 1 1 1
5 4 4 4
12 1 0 0
10 4 7.2 1.6
1 2 1 1
2 3 2 2
4 1 1 1
10 5 5.2 3.6
3 3 3 3
6 6 6 6
6 2 2.4 0.8
5 4 4 4
1 1 1 1
9 3 0.8 1.6
4 3 3 3
2 2 1 1
3 3 3 3
4 4 4 4
1 0 0 0
4 3 3.6 2.8
2 2 2 2
3 3 3 3
6 3 5.2 2.8
1 1 1 1
1 1 1 1
2 2 2 2
5 2 4 1.6
6 4 4.4 2.8
4 7 3 3
6 6 6 6
2 1 0 0
2 1 1.6 0.8
2 3 2 2
5 2 4 1.6
1 2 1 1
1 0 0 0
4 3 3 3
6 3 1 1
1 2 1 1
5 2 2.6 1.8
4 5 4 4
5 2 2 2
4 4 4 4
17 14 15.4 13.8
4 4 4 4
1 1 1 1
2 2 2 2
2 1 1 1
4 3 3.6 2.8
2 1 1.6 0.8
7 4 6.2 3.8
13 9 9.4 7.8
6 8 1.8 3.4
4 3 3.6 2.8
2 3 2 2
1 1 1 1
2 2 2 2
2 2 1.6 0.8
8 7 6 6
2 1 0 0
1 1 1 1
2 1 0 0
3 3 3 3
3 2 2 2
7 7 6.4 6.4
3 0 0 0
5 4 4.6 3.8
6 4 4 4
5 2 2.6 1.8
7 3 2 2
4 3 3.6 2.8
7 8 5 5
2 1 1.6 0.8
7 6 5.6 4.8
13 8 8.2 6.6
3 5 2 2
4 0 0 0
1 0 0 0
12 7 7 3.8
1 0 0 0
25 23 24.4 22.8
1 1 1 1
1 4 0.8 3.2
3 2 2.6 1.8
3 1 1 1
1 0 0 0
7 4 4.4 2.8
8 6 6 6
3 2 2 2
1 1 0 0
1 1 1 1
4 4 4 4
1 1 1 1
2 2 2 2
9 1 1 1
4 3 3 3
2 1 0 0
